output 2x2
abc@ubuntu:~/Desktop$ python np.py 3 L
Initial State
 3  1
    2
---------------
    1
 3  2
---------------
 1   
 3  2
---------------
 1  2
 3   
---------------


output 3x3
abc@ubuntu:~/Desktop$ python np.py 8 a
Initial State
 8  4  6
 1  2   
 3  5  7
---------------
 8  4  6
 1     2
 3  5  7
---------------
 8     6
 1  4  2
 3  5  7
---------------
    8  6
 1  4  2
 3  5  7
---------------
 1  8  6
    4  2
 3  5  7
---------------
 1  8  6
 4     2
 3  5  7
---------------
 1     6
 4  8  2
 3  5  7
---------------
 1  6   
 4  8  2
 3  5  7
---------------
 1  6  2
 4  8   
 3  5  7
---------------
 1  6  2
 4     8
 3  5  7
---------------
 1  6  2
 4  5  8
 3     7
---------------
 1  6  2
 4  5  8
    3  7
---------------
 1  6  2
    5  8
 4  3  7
---------------
 1  6  2
 5     8
 4  3  7
---------------
 1  6  2
 5  3  8
 4     7
---------------
 1  6  2
 5  3  8
 4  7   
---------------
 1  6  2
 5  3   
 4  7  8
---------------
 1  6  2
 5     3
 4  7  8
---------------
 1     2
 5  6  3
 4  7  8
---------------
 1  2   
 5  6  3
 4  7  8
---------------
 1  2  3
 5  6   
 4  7  8
---------------
 1  2  3
 5     6
 4  7  8
---------------
 1  2  3
    5  6
 4  7  8
---------------
 1  2  3
 4  5  6
    7  8
---------------
 1  2  3
 4  5  6
 7     8
---------------
 1  2  3
 4  5  6
 7  8   
---------------



output 4x4
Unknown since it is taking forever to search...